16.3
14.4
14.3
15.1
15.6
15.0
15.3
15.5
15.4
16.5
15.7
15.3
15.5
15.3
15.5
16.9
14.7
16.0
13.6
15.9
15.3
14.3
15.8
17.2
15.5
15.4
16.2
15.5
13.8
15.6
15.3
16.0
15.7
36.2
17.0
15.0
15.4
94.5
42.2
15.4
15.7
15.5
15.4
14.6
15.3
14.4
13.5
14.2
15.8
15.4
16.1
14.8
14.3
14.5
15.7
15.5
16.1
15.1
15.4
15.4
13.8
15.6
15.5
15.3
15.4
14.6
15.1
14.7
15.0
14.6
14.3
14.4
15.1
15.3
16.1
15.6
16.4
43.8
14.9
13.8
16.3
16.3
16.4
15.7
16.1
16.4
14.0
15.4
16.5
14.8
14.4
14.3
14.3
15.8
16.3
13.8
15.7
15.7
16.8
15.6
15.4
15.5
15.9
19.3
16.4
16.2
16.5
14.7
14.4
14.4
17.4
15.9
16.0
14.1
14.3
14.7
15.1
13.7
16.3
15.6
16.3
16.2
16.3
14.0
41.7
15.1
15.6
15.3
13.8
15.7
14.5
14.8
15.1
14.9
15.1
15.3
13.9
14.3
14.4
14.8
15.9
14.8
15.9
14.8
14.3
15.0
15.4
15.8
15.5
15.4
16.3
16.2
16.3
16.4
72.6
18.7
14.6
14.8
15.6
118
65.3
14.6
15.1
14.5
16.5
16.4
83.2
15.9
14.0
15.1
15.3
15.3
13.8
67.9
17.1
16.3
16.7
14.3
13.9
15.8
16.1
14.9
46.3
15.4
15.4
15.5
16.9
15.9
14.7
15.8
14.6
14.3
56.5
16.3
14.8
15.2
14.2
14.9
16.0
16.4
34.7
16.5
14.9
16.2
14.4
14.3
15.1
15.3
15.5
15.1
15.3
15.3
16.0
16.4
16.3
14.0
14.5
14.9
15.3
16.1
14.6
15.7
16.3
16.5
14.1
14.4
14.9
15.6
15.2
15.3
15.3
19.2
14.3
17.3
16.5
13.8
18.8
15.2
16.0
14.9
17.0
15.0
17.8
14.9
14.6
17.7
14.0
19.0
15.4
15.4
15.6
15.1
19.6
17.2
15.3
14.4
14.4
14.2
15.1
15.3
15.2
15.3
16.2
14.8
15.2
15.4
17.5
16.7
15.7
14.5
42.2
15.4
41.4
19.0
17.1
16.3
122
66.3
14.5
18.8
16.9
17.7
14.5
15.9
14.8
15.9
16.8
16.6
16.9
15.8
15.4
15.3
13.8
15.5
15.9
16.4
13.9
15.1
15.4
45.4
16.1
15.5
15.4
17.3
15.2
14.1
14.4
15.0
15.9
15.9
14.0
14.9
16.1
14.5
14.6
14.3
16.8
16.1
14.8
104
19.8
19.1
121
17.8
16.2
15.8
52.3
50.0
16.5
16.3
16.4
19.0
14.4
15.3
15.4
13.7
15.6
15.4
13.8
14.9
16.1
14.0
14.9
14.3
15.9
14.0
15.1
14.6
15.5
15.9
15.5
16.9
15.1
15.4
16.1
14.0
14.6
15.0
15.3
16.9
14.9
14.6
15.2
15.3
16.0
15.5
14.5
16.6
14.8
16.7
14.0
15.2
17.8
15.8
13.9
15.4
14.5
15.3
14.6
15.8
16.8
14.0
15.2
16.4
17.3
14.4
16.9
15.7
17.6
17.2
15.8
16.0
16.3
133
43.3
15.6
14.1
18.9
131
91.1
41.5
17.5
15.0
15.3
14.6
13.6
15.8
15.3
15.4
15.3
15.3
16.2
15.6
16.7
16.3
15.5
15.3
14.4
16.0
16.3
17.1
15.0
15.4
15.8
14.9
13.9
14.3
17.4
15.8
16.1
14.8
18.2
14.5
14.3
16.6
15.8
15.6
15.4
15.4
15.2
13.8
17.1
15.7
15.3
15.5
15.4
16.0
16.4
16.7
13.7
15.6
16.0
14.9
16.7
15.5
15.0
14.9
15.3
16.3
13.9
14.9
16.0
16.3
16.3
15.1
15.0
14.5
14.6
14.3
15.8
15.5
15.4
15.3
16.9
15.8
14.8
16.9
15.8
14.5
15.9
15.4
14.7
15.8
15.4
17.3
15.5
14.6
15.8
16.1
16.4
18.7
17.6
15.0
14.8
16.3
20.0
14.2
15.9
14.8
18.8
13.8
16.4
15.6
17.7
15.0
16.1
17.9
15.4
16.0
15.5
16.2
17.1
14.4
15.0
15.3
132
78.6
26.1
15.6
16.1
14.0
15.2
14.5
17.4
15.8
16.9
15.0
14.7
14.4
14.5
17.2
15.0
14.6
15.1
15.3
15.4
15.3
16.3
15.6
15.3
16.0
16.5
14.0
14.4
16.4
17.1
15.8
15.4
15.2
15.6
16.2
14.9
15.4
14.6
17.6
13.5
16.3
16.3
18.3
14.4
16.6
14.6
15.9
18.5
15.4
15.9
16.6
16.2
14.1
15.9
16.4
16.3
14.3
15.8
16.9
15.0
15.4
15.3
15.4
15.9
16.4
16.4
14.0
14.3
14.3
15.1
15.9
16.4
15.6
15.5
14.5
15.4
13.8
17.1
15.2
15.3
15.3
15.3
15.4
13.5
17.0
15.1
14.4
14.4
14.4
14.3
15.1
16.8
17.1
15.8
16.3
15.6
18.3
17.1
15.9
16.4
16.3
14.0
18.5
15.4
14.7
15.6
16.2
14.9
14.3
14.4
15.4
16.1
16.5
17.5
16.9
15.0
15.3
64.6
17.0
14.7
15.8
31.6
114
91.0
15.7
15.1
15.3
15.6
13.8
16.9
16.0
16.2
14.8
16.6
17.9
14.1
14.4
16.9
16.7
15.7
16.3
15.8
17.1
15.5
14.8
16.0
14.3
13.8
14.3
15.4
14.0
13.8
14.3
16.2
15.9
14.1
16.7
17.4
14.6
16.0
15.7
15.7
16.3
14.0
14.3
15.1
15.7
13.6
16.4
15.5
15.3
13.8
15.7
16.0
14.2
14.4
19.5
14.7
14.3
14.3
14.6
15.0
16.3
15.7
14.6
16.7
16.2
17.1
15.8
16.9
19.8
18.4
16.8
14.9
15.9
15.6
15.3
15.3
15.4
15.3
16.0
16.4
15.3
15.4
15.3
16.1
15.7
16.0
16.4
16.4
15.8
13.8
15.7
16.0
16.4
15.6
16.1
14.0
16.6
14.1
14.3
16.5
14.9
15.4
15.4
16.1
14.0
14.4
15.0
14.6
14.3
14.5
15.1
15.6
16.1
15.6
16.2
16.4
14.8
125
76.6
19.1
15.3
16.2
14.0
14.4
14.6
15.9
16.2
16.4
15.6
15.4
17.6
13.5
16.3
16.7
17.0
15.7
15.7
15.9
18.6
15.1
18.0
15.8
17.2
14.8
14.0
14.2
20.4
16.6
14.8
14.6
14.4
15.1
13.7
16.4
15.5
15.4
18.1
14.5
14.3
14.6
15.5
16.0
17.1
14.5
16.5
14.0
15.5
16.0
13.5
15.9
15.1
15.6
15.1
15.3
13.8
15.6
16.6
15.9
14.8
15.6
15.6
17.7
14.8
14.3
15.4
15.1
15.3
13.9
15.0
15.4
15.8
15.2
49.5
16.3
14.0
15.8
15.3
16.1
15.1
15.4
15.3
14.3
14.4
14.4
16.0
16.8
15.9
13.9
16.7
14.7
15.1
16.4
15.1
15.3
15.3
15.4
16.9
17.5
15.0
15.4
14.6
14.9
14.7
14.3
16.1
17.0
14.4
15.0
15.4
14.7
14.8
15.1
15.5
16.3
15.6
66.2
15.7
13.8
15.7
16.0
114
59.6
16.3
14.1
19.6
15.5
16.1
14.9
15.4
14.6
14.8
15.1
13.8
16.4
16.3
15.6
14.0
14.1
14.4
14.3
14.4
15.8
34.6
14.4
14.3
15.1
15.3
16.0
16.2
14.6
14.9
15.3
15.4
14.8
16.4
15.6
15.3
16.1
14.4
14.4
14.6
15.0
15.7
15.4
15.3
15.8
31.0
15.9
16.4
15.6
13.8
20.3
15.8
16.0
15.2
15.7
13.9
14.7
14.9
15.4
16.7
16.4
15.1
14.7
15.1
15.3
16.1
15.6
16.0
16.3
16.3
14.8
16.7
15.6
16.0
16.3
14.9
15.4
15.3
15.7
16.1
16.9
15.9
15.7
14.6
14.3
15.7
14.8
14.3
13.6
15.6
16.5
16.3
14.0
14.3
14.4
15.8
15.4
16.1
15.7
15.3
15.4
16.7
14.6
18.2
14.5
14.5
13.5
16.4
16.3
16.4
14.0
14.7
32.0
13.5
16.4
14.4
97.5
44.3
16.4
14.4
15.1
15.2
15.4
15.3
15.3
21.4
16.3
14.7
15.7
15.4
14.6
16.6
16.3
14.8
15.6
15.4
15.2
15.4
15.3
15.3
16.8
17.2
15.1
16.4
16.4
14.4
14.4
14.6
15.5
16.2
14.8
14.3
18.0
14.8
16.4
15.5
15.4
15.4
16.9
15.8
14.8
15.0
15.3
15.5
15.2
15.4
16.2
17.0
15.0
15.4
14.6
15.1
13.5
15.8
16.1
16.4
17.0
14.5
15.0
15.3
15.3
15.3
14.2
15.0
15.2
15.3
15.3
15.4
15.4
16.0
15.6
15.3
13.8
15.9
14.6
53.6
15.6
16.1
14.8
15.2
14.9
15.6
16.0
16.1
16.4
14.8
14.3
13.9
14.8
15.0
15.3
15.7
14.3
15.1
15.3
16.0
13.5
15.6
14.2
44.4
18.8
14.2
14.6
14.8
15.9
14.8
14.4
14.7
14.4
14.6
15.9
15.3
15.3
76.9
26.0
16.2
15.5
14.6
136
76.1
24.2
16.0
14.0
16.6
23.9
16.8
14.1
15.1
15.4
16.1
15.0
15.1
16.7
15.8
19.9
14.2
14.4
15.1
15.4
16.0
15.5
15.4
13.9
14.4
14.5
16.4
15.5
16.3
14.0
15.1
15.8
15.3
16.0
16.3
17.2
14.2
14.7
14.0
14.4
17.3
15.8
14.6
15.4
14.5
14.4
14.9
18.1
18.6
16.8
15.6
15.3
14.4
14.4
15.0
15.9
15.6
16.1
14.7
14.4
14.0
15.8
15.5
15.3
15.4
15.4
15.4
15.9
17.1
15.1
14.6
14.8
15.6
15.4
15.9
16.8
15.2
16.2
14.0
15.0
18.3
18.2
15.3
17.8
15.0
16.1
14.8
13.6
15.7
16.0
16.4
15.5
15.3
15.5
15.9
16.0
15.7
15.3
16.0
16.5
18.5
13.8
15.5
15.4
14.4
14.8
16.9
15.7
16.3
16.4
16.4
14.0
15.4
14.7
15.3
14.4
121
70.5
19.1
17.1
15.4
18.3
15.8
15.8
15.3
15.3
15.3
15.4
15.3
15.9
15.6
16.1
14.3
14.3
14.3
15.7
16.0
15.6
15.3
15.3
15.7
15.0
17.1
14.7
15.9
14.8
15.6
14.6
14.4
15.0
15.4
14.6
15.1
15.4
15.5
15.9
16.4
14.7
15.1
15.5
15.1
15.3
15.6
16.2
49.2
18.5
16.8
16.3
15.8
14.6
15.0
14.9
16.1
16.6
13.8
15.9
14.0
15.8
16.2
14.8
14.4
15.2
13.9
18.1
16.9
15.0
16.8
24.1
15.9
14.8
16.0
15.1
15.4
16.1
15.5
16.6
14.0
14.3
14.3
14.9
16.1
16.3
16.4
14.4
15.0
16.2
14.0
17.4
14.4
142
15.6
41.8
90.1
35.4
38.1
39.8
29.0
17.6
80.3
282
15.0
82.3
18.2
15.7
62.3
17.4
17.3
16.0
145
16.6
77.9
282
90.5
353
117
88.5
20.8
15.4
15.5
14.8
15.3
14.9
14.7
15.5
15.7
13.6
15.5
16.7
18.9
16.3
15.5
14.6
14.3
14.4
14.3
15.1
16.0
15.6
15.7
14.9
16.1
17.4
14.0
15.0
15.4
15.3
15.5
15.4
15.4
16.3
16.4
16.3
14.4
14.6
14.4
15.8
14.4
16.1
14.6
15.9
14.8
15.2
14.7
14.7
17.1
15.2
15.3
15.3
15.3
15.3
16.0
16.0
16.6
15.8
15.8
15.3
15.4
18.1
15.5
16.3
14.0
14.4
15.8
14.6
15.0
15.9
16.7
15.2
16.2
14.3
14.3
15.3
17.4
15.0
14.6
14.9
16.0
14.1
14.3
15.1
15.2
15.4
15.3
13.9
14.1
14.6
14.3
15.7
15.7
14.6
15.5
15.0
13.6
16.8
16.3
15.2
16.9
16.6
17.2
14.4
75.1
14.8
15.0
315
492
324
50.3
157
201
97.2
443
217
200
124
552
847
581
226
361
480
205
41.1
16.5
15.8
15.4
49.9
16.5
26.6
20.5
14.0
14.3
45.9
15.7
14.6
53.0
19.4
159
117
15.2
66.3
16.6
93.0
20.4
15.6
20.3
15.4
15.5
15.3
15.9
27.3
15.8
17.7
16.0
104
55.7
17.6
15.7
18.5
16.8
38.8
16.7
20.2
107
33.5
16.6
14.0
14.8
14.3
57.1
32.5
54.4
16.8
17.6
15.3
16.8
15.5
54.8
15.0
15.3
33.9
16.6
14.7
19.9
15.2
17.4
16.1
42.5
14.8
44.5
93.4
17.2
15.8
14.5
15.4
15.1
16.0
19.5
15.2
16.3
23.2
15.2
15.3
13.8
16.5
17.9
14.5
290
16.3
14.8
14.4
14.3
15.0
15.5
15.3
15.4
15.3
16.1
16.2
16.5
16.3
13.8
61.1
111
366
720
253
360
110
15.9
19.4
15.5
121
83.9
30.5
16.8
16.1
13.8
16.8
18.4
14.7
15.6
18.1
16.1
14.2
55.0
15.4
15.6
17.8
13.7
15.6
18.4
17.0
17.2
15.2
19.3
16.0
16.3
15.2
15.4
15.9
16.2
14.3
14.6
16.4
15.7
15.4
15.5
17.9
22.3
17.2
16.2
31.6
18.0
20.9
16.9
16.9
16.0
14.1
15.1
20.0
15.8
16.1
13.7
15.7
15.4
15.4
15.6
16.7
13.5
15.6
15.4
13.7
18.1
13.9
18.1
16.7
39.6
16.3
14.8
15.3
24.6
14.4
14.4
15.0
17.1
16.2
14.1
14.3
15.2
15.8
19.1
15.3
15.4
16.7
22.0
15.4
16.2
14.1
44.0
42.0
15.3
14.6
16.0
15.0
16.1
15.9
15.5
16.7
16.4
17.9
16.6
15.1
15.4
15.3
15.5
16.3
40.0
16.5
15.0
15.2
17.1
15.1
14.7
38.9
15.4
16.4
16.4
105
50.8
15.9
14.3
15.3
16.8
17.5
15.2
15.3
13.8
16.5
16.2
16.5
16.3
14.1
14.4
15.2
15.4
16.2
15.6
16.4
14.3
24.1
15.0
15.5
15.9
16.5
16.2
14.0
14.4
15.4
14.7
16.7
14.0
14.9
16.3
16.1
14.8
14.6
14.1
15.1
15.4
15.7
15.9
15.6
15.4
23.8
15.6
15.4
13.6
15.7
15.3
16.0
16.1
14.9
14.3
14.4
15.2
15.4
16.1
15.0
16.7
14.5
15.9
14.8
14.4
15.0
16.1
15.5
15.6
14.3
14.6
14.8
14.3
15.9
15.7
15.3
15.2
39.1
13.8
16.6
17.7
16.4
16.7
15.5
15.4
17.0
16.5
33.3
16.5
17.5
14.5
15.4
16.1
15.6
15.4
14.7
18.2
14.4
14.4
15.0
15.4
15.3
15.4
15.3
16.1
16.1
16.4
16.4
14.4
15.1
15.3
15.4
16.5
16.0
16.4
16.1
123
33.0
17.9
15.5
16.8
120
85.5
28.6
16.4
16.7
13.7
16.0
16.1
16.4
14.1
15.1
16.8
30.3
15.8
15.3
15.4
14.7
14.3
14.4
14.9
15.4
14.6
15.1
15.4
15.4
15.9
15.3
17.0
16.9
15.0
16.3
15.5
14.6
17.4
15.6
14.6
15.1
15.3
15.3
15.4
16.1
16.3
16.3
14.0
14.6
32.9
14.9
15.9
15.1
15.5
15.3
15.6
15.8
14.6
15.7
15.6
15.2
15.3
15.7
31.4
15.8
17.4
14.7
14.0
15.2
15.7
56.7
43.8
17.2
19.1
17.0
68.8
15.9
16.5
15.4
37.9
18.2
19.6
21.2
44.1
112
41.7
15.2
15.6
16.0
14.8
16.6
16.3
16.5
14.0
14.4
14.7
14.9
14.1
15.6
16.1
14.8
16.9
35.8
13.8
15.5
15.5
15.8
15.3
17.7
16.1
15.9
16.5
16.4
14.9
14.5
14.3
15.2
15.9
16.4
14.7
15.9
117
66.3
15.6
15.4
16.7
48.5
15.5
16.6
15.3
43.7
15.6
14.5
15.1
13.9
16.7
14.0
58.1
16.1
17.1
15.8
38.2
94.3
103
54.8
16.0
16.3
14.4
14.6
14.5
15.1
26.4
15.9
16.3
16.4
14.2
14.8
16.8
16.5
15.6
16.0
17.0
14.4
58.1
14.7
17.8
16.4
16.0
15.5
14.7
42.8
49.3
16.3
18.9
16.0
13.9
16.6
14.7
85.8
14.6
14.3
18.2
17.7
16.0
13.9
15.3
27.0
16.0
41.6
42.8
15.5
16.9
16.5
14.3
58.5
15.3
15.3
33.8
21.2
15.8
17.0
15.8
18.3
16.7
19.7
43.6
15.0
15.7
62.6
14.9
15.4
13.8
14.6
16.2
18.5
15.0
15.3
16.4
15.9
15.6
16.2
16.3
14.8
13.7
16.4
15.6
15.4
16.4
16.4
14.9
16.2
16.3
16.8
16.1
14.0
15.4
15.4
15.9
74.5
51.2
14.0
15.8
14.5
15.0
103
52.5
15.6
15.7
51.0
18.8
119
70.4
15.4
14.5
15.7
15.1
16.4
15.1
32.7
15.4
20.3
69.1
14.7
16.2
52.5
14.9
14.0
16.1
15.0
14.1
56.1
15.1
14.8
15.7
14.0
15.3
17.0
14.7
56.7
14.4
15.0
61.5
14.6
14.4
15.1
15.3
16.0
15.6
15.8
14.8
15.1
15.4
16.2
15.6
16.2
15.5
16.1
16.4
15.1
16.8
14.9
17.5
15.8
16.1
13.9
15.0
16.0
16.3
14.0
14.3
14.3
15.2
16.5
16.0
15.6
15.3
14.6
15.9
18.7
13.8
16.3
15.6
15.3
13.7
15.0
16.8
16.0
16.0
16.3
14.3
14.3
15.4
15.4
16.0
15.6
16.1
13.6
15.7
17.5
16.0
15.4
16.5
17.8
15.8
15.0
15.1
16.7
16.1
15.9
15.0
15.2
38.1
16.1
16.9
14.4
15.0
15.4
16.2
14.0
15.2
15.6
121
68.6
17.3
16.3
15.8
15.3
13.8
16.3
15.5
15.4
15.3
15.3
15.3
13.9
15.0
15.7
14.7
14.4
15.2
15.4
15.9
16.4
15.6
16.1
15.0
15.8
15.3
15.3
16.0
14.9
14.5
14.4
16.2
15.6
15.4
16.0
14.2
15.9
16.2
14.0
14.4
14.3
15.9
16.2
15.7
15.3
15.4
13.8
15.5
15.4
16.3
15.7
14.6
14.3
14.3
16.2
16.4
15.3
17.7
15.8
16.1
13.9
16.4
15.6
15.3
16.6
14.5
14.7
14.2
15.3
15.0
16.5
14.3
13.5
15.7
13.6
15.7
14.6
14.8
14.0
14.4
15.9
20.0
14.8
15.3
15.3
16.1
16.2
14.3
14.5
15.0
16.1
15.5
14.7
14.3
15.6
16.3
16.1
16.1
15.9
15.4
15.1
15.3
15.3
16.1
15.6
16.3
16.2
14.0
15.5
14.5
17.3
16.2
16.2
15.6
15.4
16.0
15.0
56.0
15.7
15.5
15.2
15.3
104
49.8
15.4
15.6
16.9
15.5
15.6
16.0
14.7
15.8
17.2
16.7
20.5
13.8
14.2
15.5
17.1
15.0
15.3
15.5
15.3
16.1
16.4
16.3
14.1
15.0
15.3
15.7
16.1
15.6
15.4
14.9
63.3
15.0
15.4
15.9
16.4
16.4
14.7
14.4
15.2
15.5
15.7
15.5
14.6
14.5
14.5
14.2
18.9
16.5
15.6
15.3
15.3
18.3
13.8
16.5
15.5
15.4
15.4
16.3
16.9
14.4
15.0
15.4
14.9
13.7
15.8
15.8
16.1
15.6
16.1
16.2
14.0
14.0
14.4
15.1
15.5
15.4
15.1
14.6
16.6
17.1
16.5
16.3
14.0
15.2
15.4
15.4
16.0
16.4
15.5
14.8
19.7
19.8
17.4
16.0
56.3
15.5
16.1
13.9
31.3
15.4
15.8
16.0
17.3
16.3
14.8
15.6
14.3
15.3
20.9
15.9
15.4
24.0
47.5
22.9
136
81.7
23.0
17.5
15.5
14.3
14.3
14.3
14.8
15.0
16.0
15.6
15.8
15.5
15.4
16.3
14.6
18.3
15.3
15.6
15.8
15.5
15.4
16.5
15.4
15.5
16.9
15.1
15.5
14.6
14.3
15.4
16.1
15.6
15.4
13.8
15.8
15.4
16.1
15.2
14.6
14.4
14.3
14.4
14.3
14.9
15.4
15.6
15.2
15.3
16.1
17.0
15.0
16.0
15.0
13.7
15.7
15.4
13.7
16.3
15.6
15.4
16.1
14.1
21.2
15.8
14.7
15.6
16.3
16.3
14.0
18.9
15.4
15.4
15.3
15.3
15.3
14.5
16.5
16.4
14.8
14.6
15.1
15.4
13.7
17.1
14.1
16.0
15.6
15.4
15.3
15.4
15.3
15.2
15.4
14.6
14.3
14.5
15.2
16.4
19.9
14.8
16.3
14.9
13.6
15.7
17.3
15.6
15.1
14.6
14.4
14.7
14.4
15.2
15.9
14.6
15.9
67.1
22.2
14.1
15.2
15.4
120
67.4
15.2
15.4
20.6
16.3
14.0
14.2
15.8
15.2
15.4
15.4
14.0
14.3
15.1
16.1
15.2
16.1
14.8
14.8
14.3
14.4
14.9
15.4
15.3
15.4
13.6
15.7
15.9
16.4
16.4
14.8
15.0
14.5
14.8
16.3
16.3
15.6
16.1
15.5
14.7
15.7
14.6
15.0
16.4
16.4
14.0
15.0
15.6
14.3
14.4
15.0
16.3
16.3
14.0
14.4
14.5
14.4
15.7
15.5
16.1
14.8
14.3
14.4
16.0
13.9
15.8
16.1
14.7
14.5
14.9
15.4
16.0
16.3
14.7
14.3
14.4
14.4
14.3
15.9
15.8
15.4
20.0
16.6
17.1
15.4
16.2
16.0
17.2
15.0
14.8
15.2
15.6
15.8
14.6
19.1
15.3
15.9
16.9
16.0
15.4
15.3
16.8
15.5
15.4
15.3
15.4
15.3
14.6
14.2
16.7
15.6
14.7
15.0
15.4
16.0
15.3
119
70.1
16.2
14.3
14.4
15.1
15.4
15.2
14.6
14.3
14.3
15.1
16.1
16.6
16.2
16.2
16.3
14.7
13.8
16.8
15.6
14.6
15.1
17.6
15.1
16.3
15.6
15.7
14.7
16.9
16.6
14.0
14.9
15.4
15.3
13.9
14.2
15.1
15.6
16.8
16.3
15.6
15.3
15.3
13.9
14.3
14.4
15.0
15.4
15.6
15.2
15.3
15.4
16.0
15.5
16.8
13.4
14.0
14.5
16.0
13.5
14.2
15.9
14.8
14.4
14.3
14.5
15.5
15.4
15.2
16.1
14.0
14.4
14.6
14.6
15.8
14.6
15.2
15.3
16.0
14.3
14.4
15.0
15.0
16.2
14.1
14.3
14.4
17.3
13.7
14.5
16.1
14.7
14.3
14.4
14.4
14.9
15.4
14.6
14.6
14.8
15.0
15.3
15.4
14.5
14.3
15.1
15.4
15.9
14.2
15.8
17.6
14.3
14.4
15.1
14.5
15.8
33.8
16.4
14.8
15.1
96.2
44.3
14.6
15.9
16.6
15.0
16.5
15.1
17.9
15.7
16.4
15.4
15.6
16.3
16.1
14.6
16.2
14.9
14.8
15.6
14.0
15.4
14.8
16.0
15.1
17.0
16.4
14.4
13.8
15.0
16.3
15.2
16.3
15.8
14.0
15.1
15.3
15.4
15.9
16.4
15.5
15.4
16.1
16.3
17.0
14.4
15.1
15.4
15.4
15.4
15.7
15.3
16.0
15.5
16.1
16.4
14.0
14.3
15.5
17.6
15.1
15.3
15.4
15.6
15.9
16.1
16.4
16.3
14.5
15.3
14.2
14.9
15.3
14.6
16.2
15.6
15.3
15.7
16.1
14.8
16.6
16.5
16.9
15.2
15.6
15.8
14.7
15.0
15.3
16.0
14.6
16.3
14.2
15.6
16.3
16.0
15.2
15.3
15.6
16.2
16.4
16.2
16.4
16.3
15.5
14.6
14.3
15.2
14.5
15.8
14.8
14.4
14.3
14.9
15.4
15.4
15.4
16.2
15.6
120
68.2
16.0
17.5
16.2
14.2
15.7
14.7
16.5
15.1
15.3
16.4
14.7
14.3
16.3
17.1
14.1
15.9
15.5
15.7
15.9
16.7
15.8
15.6
17.1
15.6
15.7
15.4
16.9
15.7
15.4
15.6
15.4
15.3
16.0
21.0
15.9
15.6
25.3
17.1
24.3
14.8
14.4
15.1
14.6
43.3
15.8
15.7
15.1
16.8
18.9
14.6
26.8
13.9
14.3
14.3
15.2
15.4
15.4
15.4
15.3
15.4
16.8
15.6
15.3
15.3
15.3
13.6
16.1
16.4
16.1
15.3
15.9
15.0
14.5
14.4
14.5
15.8
16.3
14.3
16.1
15.5
15.4
15.3
16.0
15.0
16.2
15.5
16.2
16.3
17.7
17.2
19.0
17.2
47.9
15.0
21.8
100
15.7
15.4
15.6
14.7
15.1
15.7
15.9
16.5
16.4
15.6
15.3
16.1
14.0
15.7
14.6
16.7
15.6
15.4
13.8
133
47.5
16.2
15.1
15.3
15.8
97.2
44.1
16.6
17.1
13.8
16.1
14.4
13.6
16.3
16.3
14.0
14.9
14.7
14.4
16.6
15.6
15.4
15.3
14.8
14.4
15.3
16.0
16.4
15.3
14.6
15.3
16.3
15.4
16.7
14.6
14.6
16.7
16.3
16.1
14.4
14.3
17.4
15.0
15.3
14.6
14.4
14.4
15.1
13.8
15.5
15.3
16.1
16.6
15.4
15.8
15.4
15.3
15.9
14.0
15.2
15.4
16.1
14.1
15.8
17.0
15.5
15.2
16.8
16.4
15.6
15.3
15.4
13.9
15.1
15.3
15.4
16.0
15.5
16.3
14.4
14.7
14.8
13.6
16.6
14.4
16.7
15.5
13.8
16.4
15.6
15.3
15.4
16.1
14.0
15.1
16.3
16.5
16.4
14.0
14.3
15.8
16.5
15.1
16.2
15.4
17.0
16.0
14.0
15.7
15.3
15.5
16.0
15.8
15.1
16.1
15.5
16.2
17.0
15.0
15.3
15.4
125
86.3
31.7
15.9
17.1
15.4
16.1
16.5
16.5
16.3
17.7
16.6
15.4
16.2
14.8
16.7
17.1
14.3
15.0
15.3
16.1
15.5
15.4
15.3
16.1
16.8
15.2
13.8
15.7
15.3
14.8
14.2
16.7
16.4
14.1
14.9
15.3
16.0
16.5
16.4
14.8
14.4
14.3
14.6
14.9
16.0
15.8
16.8
15.8
15.4
16.0
16.2
15.5
17.2
14.8
14.3
14.8
14.3
16.0
15.5
15.7
15.0
15.3
15.4
16.0
16.4
14.9
16.3
14.5
14.3
14.4
14.3
14.9
16.1
15.6
15.4
15.4
14.4
14.3
16.6
17.4
13.9
14.7
14.3
15.1
13.8
14.3
15.0
14.5
15.1
15.4
14.5
14.4
14.4
16.7
16.4
13.8
15.1
15.4
16.0
14.5
15.0
15.3
15.8
15.4
15.3
15.3
16.0
16.4
15.5
14.5
14.4
15.2
15.3
16.0
16.4
15.4
16.3
71.6
24.5
16.3
15.3
15.2
129
73.3
17.3
15.9
18.8
15.9
15.5
14.8
15.1
15.3
14.6
14.4
15.1
15.4
16.0
16.7
15.6
15.8
15.8
15.3
16.0
16.2
15.6
15.4
16.2
15.6
16.9
14.9
14.7
15.0
14.6
14.3
15.1
16.1
15.8
18.3
15.5
17.0
14.7
15.1
14.6
14.6
14.7
16.0
14.8
18.2
15.3
15.4
15.2
16.0
17.9
14.4
14.4
14.3
15.1
16.3
16.5
16.2
15.6
16.0
15.6
13.8
16.8
15.3
15.4
15.3
16.1
17.3
15.5
15.3
14.5
15.8
15.4
15.4
15.3
15.3
14.6
15.3
15.7
15.4
16.0
16.3
15.6
16.8
14.5
13.5
15.7
17.6
15.1
15.3
15.3
15.8
14.6
14.8
15.0
17.7
15.8
16.1
14.7
15.1
16.2
16.4
15.7
15.7
14.7
14.3
16.6
15.7
15.9
13.9
14.4
15.2
15.3
16.0
16.4
15.6
16.2
104
52.1
14.3
14.3
14.4
15.0
14.9
15.8
15.0
16.0
14.6
14.4
14.2
16.1
15.2
15.6
15.1
15.8
15.8
15.8
16.6
14.8
15.9
15.0
15.7
15.5
14.7
15.2
15.3
15.3
14.7
16.6
15.7
16.0
14.9
15.4
16.2
17.0
14.3
15.0
14.6
15.0
15.4
20.7
15.1
16.3
18.8
16.5
15.2
15.8
15.2
14.8
15.0
15.4
15.4
15.4
15.4
15.3
16.9
16.7
16.3
14.0
14.3
15.2
16.1
16.2
16.6
15.2
16.1
16.4
15.6
14.3
16.6
14.8
15.1
14.6
15.6
15.5
15.9
16.4
16.9
14.3
16.7
16.4
15.3
14.2
14.3
16.5
15.5
15.4
13.8
14.3
15.7
15.4
16.0
14.8
15.0
14.8
15.2
15.4
15.3
15.4
13.8
16.3
16.7
14.6
15.8
14.6
14.4
16.6
15.0
16.4
16.5
16.1
15.8
16.2
15.0
127
44.3
16.1
15.1
14.8
15.6
100
48.9
15.0
15.8
13.8
14.6
15.3
14.8
16.4
15.7
15.5
15.6
15.5
17.1
16.0
15.8
17.9
14.9
14.8
15.5
13.9
15.1
16.0
16.4
15.6
16.2
14.6
14.6
14.9
14.5
15.9
14.7
15.1
15.4
14.0
14.3
15.1
16.0
15.6
15.3
15.3
15.3
16.6
14.8
15.1
16.1
14.9
16.2
14.0
14.3
15.5
17.1
14.3
15.0
16.3
15.0
15.8
15.3
15.7
15.8
15.2
15.8
16.0
15.7
15.4
16.5
15.3
17.0
15.3
14.5
16.6
14.7
15.8
15.6
15.3
17.1
17.4
17.6
16.4
15.5
15.4
15.3
15.3
14.5
14.4
14.9
16.2
15.6
16.1
14.0
14.6
14.0
14.4
15.0
15.4
15.4
15.4
15.4
15.3
14.8
15.2
16.2
14.2
15.7
15.4
14.6
15.0
14.6
14.4
16.9
15.8
16.7
15.9
14.7
16.0
14.8
14.3
102
47.7
14.9
15.4
15.3
16.2
15.9
13.8
16.6
16.8
15.0
14.6
19.2
16.2
15.6
13.8
14.1
14.9
16.5
14.8
14.3
14.4
15.7
14.6
16.0
18.7
14.7
14.4
14.3
15.1
15.3
15.4
15.3
15.7
14.4
16.6
16.8
16.5
15.2
16.5
15.6
16.2
15.4
16.1
15.6
16.1
15.4
15.4
15.2
15.9
16.4
14.4
15.1
15.4
15.4
16.1
17.1
20.7
14.2
14.3
14.4
14.3
15.8
15.4
16.9
15.0
15.8
15.4
15.4
16.0
14.8
14.3
15.1
15.3
14.0
14.4
14.5
14.8
16.0
14.9
14.3
15.8
13.8
15.6
18.0
15.6
16.3
15.0
14.3
15.0
15.4
15.3
15.4
15.4
15.3
16.7
15.7
15.4
15.5
15.3
16.1
18.6
16.0
15.5
18.5
16.7
16.0
15.7
16.1
13.5
14.6
16.1
14.7
14.7
14.9
17.6
16.1
77.5
32.0
14.8
15.8
20.8
16.9
107
49.8
14.7
14.3
14.4
14.4
15.7
16.2
15.5
20.7
14.6
14.3
14.9
15.5
15.4
15.5
15.4
15.3
16.0
15.8
15.5
14.5
16.2
14.2
19.5
14.0
15.7
15.4
16.1
14.8
14.8
14.3
14.3
15.8
16.1
14.8
16.7
14.0
14.3
15.4
15.4
15.3
15.2
15.3
15.3
16.0
16.3
16.3
14.0
14.3
14.4
15.3
17.0
14.2
16.0
14.8
14.4
16.7
14.0
15.1
15.4
14.6
15.2
15.4
15.3
16.7
16.3
14.9
16.1
14.8
13.5
16.4
16.4
17.9
16.0
15.5
16.1
16.3
16.9
14.5
15.0
16.1
15.6
15.3
17.3
20.4
16.9
16.3
15.2
16.1
15.9
14.3
16.9
14.9
16.0
16.4
16.3
18.0
14.4
14.5
15.1
14.5
15.0
15.3
15.3
15.4
15.4
16.0
17.7
15.2
16.2
15.6
15.1
16.3
16.0
17.0
117
64.8
15.9
16.6
17.9
15.9
14.7
16.9
14.9
15.6
15.4
15.3
14.5
16.6
16.3
14.0
15.9
16.3
14.8
14.4
14.3
15.8
16.1
14.8
14.3
14.3
14.2
15.0
15.3
15.3
15.4
17.1
16.2
16.4
15.6
16.1
14.0
14.7
14.9
14.9
13.7
15.4
15.4
15.4
15.2
13.8
16.2
15.6
16.2
15.5
15.5
16.5
14.4
16.3
15.8
14.7
16.6
17.1
14.3
14.9
15.6
15.0
16.1
14.8
15.8
16.5
16.0
15.6
16.9
15.7
14.5
14.3
14.4
16.7
16.4
15.6
16.2
16.3
17.0
14.4
15.0
15.2
16.3
14.0
14.9
15.2
14.7
15.8
14.6
15.2
15.4
15.4
15.3
13.8
15.6
16.1
14.1
14.3
15.2
15.4
15.9
14.2
16.6
15.5
15.3
15.6
15.2
15.6
15.4
15.0
14.6
14.4
14.4
15.0
15.4
16.0
14.9
127
45.0
15.4
15.4
15.3
16.0
97.1
44.4
15.2
15.3
16.1
14.3
14.3
14.6
15.8
16.9
15.0
15.3
16.0
17.1
14.3
15.0
15.2
14.7
14.3
13.5
15.7
16.0
15.6
16.1
15.6
15.3
14.1
14.1
15.8
16.2
14.7
14.3
14.4
14.7
14.6
16.0
14.9
15.4
15.3
15.6
14.4
15.0
15.4
17.7
14.2
14.4
15.1
16.0
14.1
14.9
15.4
14.6
15.2
15.4
15.3
16.0
16.4
16.3
14.6
14.4
14.3
14.4
15.8
16.9
14.9
15.4
15.6
13.8
17.1
14.2
16.0
14.8
14.4
14.5
14.3
14.9
15.4
14.6
15.0
16.1
14.0
14.3
15.7
14.7
16.3
14.8
14.3
15.0
15.3
16.8
16.1
15.9
14.5
16.9
15.5
15.4
16.0
15.6
16.1
15.5
13.8
15.7
16.0
14.3
16.0
15.6
15.4
15.4
16.5
16.2
16.4
16.6
14.6
14.4
14.9
16.2
123
86.8
31.4
15.7
15.3
16.1
14.7
13.7
15.6
16.9
15.6
13.8
14.5
14.3
14.9
17.2
15.7
14.7
14.5
15.5
15.8
16.6
15.6
14.5
17.1
14.4
13.8
15.9
15.7
14.8
15.3
14.4
15.2
16.0
16.3
15.6
15.3
15.4
15.3
13.8
15.6
15.3
15.3
16.1
15.6
16.0
16.5
16.3
14.4
15.2
15.2
15.3
15.9
16.4
15.6
17.2
14.0
14.7
15.5
15.5
16.3
15.8
15.1
16.0
15.8
15.3
13.8
15.3
17.1
15.0
15.4
16.1
14.1
14.4
16.6
15.8
15.1
15.3
15.3
15.6
16.6
15.7
15.3
15.5
15.1
16.9
14.9
15.3
15.4
15.1
14.7
14.7
16.7
15.9
16.4
15.6
16.3
66.7
18.7
15.7
16.8
14.5
15.1
15.7
14.9
16.1
15.8
13.8
19.4
17.2
16.8
17.4
16.8
15.0
14.8
15.3
14.1
16.1
74.3
32.3
15.7
28.6
14.8
122
85.4
32.7
16.1
14.8
14.3
14.4
14.6
14.7
16.8
15.6
16.1
14.0
14.3
14.9
15.9
17.4
22.7
15.8
16.1
16.3
15.5
15.4
14.7
15.1
14.6
14.7
15.5
16.9
15.1
15.6
15.3
16.1
15.6
14.4
17.2
15.8
15.6
15.1
15.4
16.0
16.3
16.4
16.6
16.1
14.0
15.1
15.4
15.9
15.6
15.3
15.3
15.3
13.8
15.7
15.4
15.8
15.3
17.9
14.5
15.1
15.3
15.4
15.3
16.0
18.3
16.9
13.8
16.3
15.6
15.3
15.4
16.1
14.0
14.3
15.8
16.0
14.8
14.3
14.3
14.3
15.0
15.3
19.2
15.4
15.4
17.5
15.8
15.3
16.2
14.0
15.1
15.4
16.5
17.0
15.1
16.3
14.9
15.2
15.7
15.3
17.0
15.1
15.7
14.3
15.8
15.3
15.4
15.9
16.4
15.6
16.1
16.6
15.2
15.8
15.8
14.6
121
68.1
15.3
15.3
16.5
15.9
16.3
14.6
14.4
14.3
15.3
17.5
14.5
15.6
15.4
16.1
15.6
16.8
15.9
16.4
17.3
14.0
15.1
16.0
14.0
15.1
15.3
17.3
15.1
16.8
15.7
15.3
16.9
14.4
15.0
15.1
14.9
16.1
14.0
15.1
15.6
15.6
14.8
16.0
14.1
15.0
15.3
15.4
15.9
16.4
16.6
16.0
14.0
14.3
14.2
15.8
15.4
14.6
14.3
15.1
14.5
15.7
16.0
15.0
15.6
15.0
16.9
16.1
14.5
14.9
14.6
15.0
16.1
16.3
14.7
14.3
18.1
15.3
15.3
15.2
15.3
16.1
16.2
16.4
16.3
14.1
14.6
15.5
15.7
15.2
15.9
15.6
15.5
14.1
14.3
14.3
15.5
16.2
14.5
16.1
14.5
15.9
14.8
14.5
17.1
15.0
15.4
14.5
15.8
15.1
16.8
14.8
14.4
14.4
14.3
15.6
16.8
73.7
47.0
14.8
14.7
102
50.1
15.1
16.2
13.8
16.5
15.1
15.1
16.0
16.4
44.1
15.3
15.3
16.1
30.0
17.2
14.4
15.6
14.4
15.1
15.3
15.3
39.9
14.9
16.0
15.6
17.4
15.4
15.3
14.6
14.4
47.3
15.7
15.4
15.3
15.4
16.4
16.2
16.5
16.3
17.9
15.1
15.2
15.3
17.0
45.5
16.3
15.4
16.4
16.8
15.2
15.3
14.8
15.8
16.1
16.3
14.8
13.6
16.4
15.0
49.2
14.7
15.2
14.9
17.1
16.6
15.7
16.0
16.4
16.3
14.4
14.3
14.9
24.5
14.6
14.2
14.3
15.1
17.2
16.2
15.6
16.0
14.8
14.3
42.8
14.4
15.0
15.3
16.2
14.0
19.3
15.8
14.7
15.0
14.6
14.3
19.6
14.7
14.4
15.0
54.7
15.8
15.3
15.4
36.1
17.1
14.9
16.1
16.3
14.1
14.2
16.1
14.6
15.7
15.5
29.2
15.4
15.3
132
93.5
39.4
15.6
15.0
15.5
127
17.2
15.3
16.0
16.4
16.2
14.8
14.3
18.2
14.6
16.7
14.7
15.0
15.3
15.3
15.3
17.6
14.2
15.9
87.2
14.2
23.7
20.0
15.8
15.9
15.8
15.3
15.7
16.9
15.8
15.3
15.6
14.4
15.0
15.0
24.9
14.7
15.2
17.5
17.1
42.7
16.8
16.5
16.4
23.9
15.8
16.4
16.0
15.6
17.6
16.0
14.9
14.3
16.6
16.9
17.1
15.0
15.3
14.3
14.3
14.3
15.0
15.5
15.2
15.4
15.4
15.3
14.7
15.0
15.2
14.6
14.3
14.4
15.2
16.8
17.2
16.1
15.6
15.8
16.3
17.0
15.9
16.0
15.6
16.1
14.0
15.7
14.6
14.3
15.8
17.2
14.7
14.6
14.7
14.1
16.6
16.3
14.8
14.3
14.7
17.8
15.8
15.3
16.6
15.9
14.4
16.5
16.3
27.3
15.8
15.3
15.3
57.6
16.6
16.4
16.3
14.1
122
72.4
15.5
16.0
15.6
15.3
16.2
14.0
14.4
14.3
15.2
16.5
15.4
15.3
15.3
15.3
15.9
16.4
15.6
15.3
15.3
14.6
14.3
15.9
16.4
16.1
15.9
14.8
16.8
15.5
13.8
14.9
15.3
15.3
15.3
15.3
15.6
15.9
15.5
15.5
16.5
14.0
16.0
17.0
14.9
16.0
16.4
15.6
16.1
14.0
14.3
14.3
15.8
15.4
16.9
15.0
15.4
15.4
14.2
17.0
15.2
15.1
15.7
15.4
15.3
26.0
13.5
15.1
23.4
15.0
16.1
15.6
16.1
14.7
14.9
16.3
14.8
15.8
14.7
14.3
19.7
16.3
15.3
15.6
16.2
15.5
17.5
15.9
15.6
16.1
16.6
13.8
16.3
16.4
15.5
15.3
13.8
15.7
13.9
16.3
15.6
15.3
15.5
16.1
17.0
14.4
15.0
15.3
15.4
16.1
16.4
15.7
17.5
15.7
16.0
15.7
15.4
110
57.3
15.1
14.6
14.4
15.2
15.4
15.3
16.0
18.5
17.0
15.8
16.4
16.0
16.3
16.0
16.4
16.3
13.9
15.1
14.5
16.0
14.0
15.9
16.3
16.6
14.3
14.4
14.3
14.4
15.1
17.5
15.1
15.4
15.4
15.4
15.4
13.8
15.6
15.3
15.4
16.2
14.7
15.1
15.2
16.1
16.4
14.9
17.9
15.2
14.6
14.3
15.1
17.0
16.5
16.4
13.9
14.4
14.7
14.3
15.7
16.9
15.0
15.3
15.3
16.2
17.0
14.9
15.4
15.3
15.5
15.3
15.4
14.8
15.1
16.4
16.7
14.1
14.4
14.6
14.3
13.6
15.2
15.4
15.5
16.4
16.3
14.1
15.9
15.0
14.0
15.7
14.5
16.1
16.6
18.1
16.1
14.9
14.0
15.6
15.4
16.5
16.3
13.7
15.0
16.3
15.3
16.9
16.0
15.0
16.4
15.8
14.3
15.2
15.4
15.4
16.2
17.1
61.2
19.1
15.5
16.2
15.5
122
70.7
18.0
15.2
19.1
14.4
16.7
15.2
14.2
14.8
16.0
14.8
17.3
16.6
14.8
15.7
16.3
17.9
15.5
15.4
16.7
15.6
15.7
14.4
15.1
16.0
16.3
17.8
15.8
15.6
15.1
15.3
16.5
15.9
16.4
16.3
13.9
15.1
15.4
14.6
15.8
16.9
15.4
14.9
15.1
15.6
15.4
15.9
15.8
16.9
14.7
14.4
16.6
16.6
16.1
14.8
14.4
15.1
18.5
16.6
15.7
14.9
14.5
15.1
16.6
15.9
16.2
14.5
16.7
15.7
16.0
14.7
14.4
15.3
14.3
15.5
15.5
17.1
14.6
14.4
15.2
14.3
15.3
14.9
14.7
14.3
15.8
14.6
14.8
16.7
14.8
18.9
15.4
16.2
14.8
15.1
14.9
15.0
15.4
15.6
15.4
14.6
15.2
15.4
15.4
16.7
15.0
15.4
16.9
15.3
15.3
15.4
16.7
17.2
15.0
14.6
15.4
102
50.9
14.5
15.1
16.1
15.6
16.0
14.0
15.7
15.5
14.5
15.1
15.9
15.0
16.1
14.0
14.2
14.5
14.2
15.8
16.2
15.5
15.4
14.6
15.7
15.6
18.5
15.2
15.4
16.2
15.6
16.0
16.4
16.4
14.0
14.3
15.2
15.4
16.1
15.6
16.8
15.8
15.1
15.4
19.1
15.0
17.0
14.2
15.0
15.6
15.3
15.4
14.7
14.2
14.4
15.3
14.3
14.4
15.2
15.3
14.2
14.3
15.2
16.9
15.1
15.6
15.4
15.3
16.7
16.2
16.3
14.7
14.4
16.0
15.7
15.2
15.4
14.6
14.3
15.4
15.3
15.9
17.1
15.1
16.1
15.2
15.3
15.5
15.1
16.1
18.0
15.6
14.7
14.4
16.0
14.1
15.4
14.9
17.5
15.4
15.7
15.2
15.2
14.8
15.0
15.5
17.0
15.1
14.7
14.4
14.3
14.3
15.9
14.8
15.2
14.8
14.3
77.4
34.5
15.0
14.7
14.4
129
91.7
37.5
15.1
14.6
17.7
14.0
15.2
15.3
16.0
15.5
15.3
17.7
15.0
14.2
14.1
15.0
16.4
14.8
15.1
15.0
15.4
16.6
15.8
15.1
14.6
14.4
15.0
14.7
15.0
16.2
16.3
15.8
15.4
16.7
15.4
16.1
16.1
15.9
14.0
15.0
15.6
15.3
16.3
15.7
15.8
14.0
16.7
13.9
16.9
14.3
17.8
14.9
16.1
15.6
14.3
14.4
15.7
15.4
14.8
15.0
16.2
16.5
15.1
15.5
17.1
15.9
17.1
16.3
15.7
15.6
15.1
13.5
15.5
15.5
15.3
14.5
14.3
14.7
15.0
15.2
15.7
16.9
15.7
15.4
16.0
17.1
64.4
14.2
16.1
14.9
15.8
16.4
16.4
17.9
16.9
15.1
15.3
16.2
14.7
14.4
15.8
16.1
14.8
13.6
15.7
16.0
16.4
16.3
14.6
14.4
15.1
16.0
16.3
14.4
15.8
15.4
130
77.3
24.3
15.1
15.3
14.6
127
13.6
15.6
16.0
14.3
15.5
16.9
15.9
14.2
15.4
14.3
14.5
17.9
15.5
15.1
16.1
15.6
16.1
17.1
16.0
16.1
14.8
14.4
14.3
14.3
15.9
15.4
16.0
13.9
15.0
15.3
13.6
16.3
16.4
15.6
16.2
14.8
15.5
15.8
16.7
16.4
16.9
16.0
14.8
14.3
15.0
15.5
16.0
17.5
15.4
15.4
16.2
15.6
15.3
14.1
14.6
16.4
13.7
15.9
14.5
14.7
15.6
16.2
15.5
15.4
15.3
15.3
15.9
16.7
15.3
16.5
15.2
15.4
16.0
14.1
15.1
15.4
15.3
15.8
15.5
15.3
14.4
15.6
14.6
14.4
16.3
15.4
15.1
16.9
14.2
14.5
14.3
16.5
14.0
14.3
15.0
15.5
15.4
15.3
15.2
16.3
14.6
15.0
15.4
14.6
15.0
15.4
15.5
13.8
16.3
14.4
15.9
52.1
13.7
15.9
15.1
16.1
115
62.9
14.9
14.7
17.5
15.0
16.0
15.5
15.3
15.7
15.3
15.4
15.9
15.8
16.1
15.1
14.5
14.3
14.9
15.5
16.5
17.1
15.2
14.6
15.1
15.5
15.3
14.6
13.9
15.8
16.1
14.9
15.2
15.3
13.8
16.3
15.5
15.4
16.1
15.8
16.5
15.8
15.4
16.5
16.2
15.7
15.5
17.3
14.2
16.4
16.6
17.2
14.5
16.3
16.5
15.2
14.6
14.9
14.5
14.6
16.3
17.1
14.5
14.9
15.4
15.4
16.0
16.4
16.2
16.8
15.8
16.7
16.2
14.8
16.4
16.4
17.0
17.3
15.2
14.6
15.3
16.6
14.6
14.4
14.3
14.4
16.0
15.6
16.1
14.4
14.3
14.4
14.3
16.1
15.3
16.1
14.8
14.3
14.3
14.4
15.0
15.4
15.4
15.1
16.1
14.1
15.1
15.9
16.4
15.6
15.3
15.7
16.2
16.3
17.2
16.0
49.5
16.3
15.4
14.6
14.3
104
49.6
16.2
14.8
16.2
14.9
15.0
16.0
15.7
16.3
14.2
15.7
15.5
15.3
15.8
17.0
15.9
17.2
15.0
15.4
15.3
15.4
16.0
14.8
17.1
14.5
14.7
15.6
14.1
15.2
14.5
15.1
14.8
14.8
15.8
16.5
16.3
16.6
14.6
14.3
15.4
16.5
15.2
16.1
15.5
15.8
15.3
16.5
17.4
15.0
17.7
17.3
15.9
16.0
15.5
15.3
15.3
15.4
14.8
15.2
16.0
16.4
16.3
14.6
14.4
13.8
16.2
16.5
15.8
15.4
14.5
15.9
14.0
15.6
14.6
15.7
14.0
14.4
16.1
14.6
15.3
21.2
16.1
15.8
15.6
16.2
15.7
15.3
18.7
15.4
15.2
14.0
16.0
16.0
14.9
16.3
15.1
14.0
16.2
15.1
14.8
15.4
14.4
14.7
14.3
15.9
15.9
16.1
14.0
15.2
15.5
18.8
15.5
14.6
52.0
18.3
15.8
16.0
18.2
121
67.0
15.6
15.2
15.4
14.8
15.8
16.5
15.2
15.0
15.4
15.3
16.1
14.8
15.8
15.4
15.3
19.1
16.3
16.3
16.3
14.1
14.3
15.8
15.8
16.7
17.0
15.1
14.6
14.3
15.2
15.9
15.7
15.3
16.1
15.6
16.4
16.1
14.6
16.8
15.5
15.4
14.5
14.3
15.0
15.4
15.3
15.4
15.3
15.4
16.0
16.4
16.3
14.6
14.4
15.1
15.2
16.7
16.4
15.4
16.4
14.8
14.3
15.0
15.4
16.0
15.6
15.3
13.7
15.7
15.4
16.2
16.2
15.6
15.3
18.7
14.4
15.1
16.0
14.8
16.1
13.9
15.1
16.3
14.0
15.1
14.7
14.3
15.1
15.5
15.4
16.1
15.4
14.6
14.3
16.8
15.6
15.6
15.1
15.7
15.8
15.5
15.4
16.2
15.6
16.1
15.5
16.9
15.2
15.1
14.5
15.1
14.7
15.1
15.8
15.5
14.6
101
46.1
14.1
14.4
14.4
15.8
16.9
15.0
16.3
15.4
15.3
16.0
16.4
16.3
14.8
15.9
15.5
15.1
16.4
17.3
15.5
15.2
16.1
16.4
14.1
15.0
15.4
15.4
15.7
16.0
15.9
18.3
15.2
15.4
15.1
15.8
15.4
15.3
14.1
14.4
16.7
16.0
16.9
15.2
14.7
14.3
15.1
17.4
14.4
16.7
16.3
16.2
16.2
14.0
15.0
15.5
15.2
15.3
15.4
15.3
15.9
15.6
15.4
16.9
14.9
15.5
15.3
16.7
15.6
15.4
15.3
15.3
15.3
15.3
14.7
15.0
15.5
16.7
15.7
15.4
15.4
14.6
15.9
16.4
15.2
15.3
16.1
15.6
16.0
14.8
16.5
13.8
15.7
15.3
16.0
16.4
16.3
14.0
15.2
16.2
14.1
15.1
14.6
15.0
15.3
15.3
15.3
15.3
16.8
15.7
15.3
15.4
15.3
15.4
15.3
16.0
18.7
68.4
26.8
14.8
14.3
14.3
122
84.8
28.4
13.7
15.7
16.1
15.5
16.1
16.4
14.0
14.9
16.5
15.8
15.1
15.4
15.3
15.3
15.3
15.4
15.9
16.4
16.3
14.0
14.4
15.1
14.6
14.4
15.1
16.3
15.7
15.3
14.5
14.3
14.3
16.6
14.8
14.3
15.2
13.6
15.7
16.0
15.6
15.2
13.8
15.6
15.4
16.8
14.8
14.3
15.1
16.0
16.3
16.4
15.6
15.4
16.1
16.3
14.6
14.5
15.6
15.4
15.3
15.4
15.7
14.9
14.4
15.0
15.4
14.6
14.3
15.3
15.7
15.9
16.4
15.6
16.1
15.6
15.4
13.8
14.3
15.0
15.5
16.2
16.1
15.8
15.2
14.3
15.0
14.8
14.3
14.1
14.3
15.2
16.0
15.6
15.6
15.0
16.1
14.0
14.3
15.0
15.9
14.1
15.4
15.4
15.9
15.4
15.7
14.4
14.7
14.5
14.6
17.0
17.2
15.4
17.0
15.9
117
64.6
15.7
15.3
15.4
18.2
115
15.3
15.2
16.1
15.6
14.1
14.9
15.9
15.7
17.5
15.0
15.3
15.5
13.6
16.4
15.6
15.3
19.9
14.3
15.4
14.4
15.1
15.7
15.6
13.7
20.3
13.5
15.1
16.1
15.6
15.4
15.3
15.4
14.7
14.5
15.0
15.4
15.3
36.2
15.6
13.7
15.0
13.5
15.5
15.5
17.1
15.7
33.9
277
16.6
15.6
15.6
15.2
15.4
15.4
16.1
14.8
16.2
20.5
15.8
15.4
14.2
23.1
14.6
14.7
15.0
13.8
18.0
14.1
15.0
15.5
15.4
15.4
15.4
14.3
15.2
15.2
15.4
14.7
14.5
15.2
16.2
16.4
16.5
15.5
15.6
15.4
16.1
14.1
14.3
15.1
14.7
15.1
15.4
15.4
15.3
16.8
14.9
16.2
14.7
14.3
14.3
15.1
16.1
15.5
15.3
15.3
16.1
16.4
13.9
15.6
16.1
36.2
15.2
14.7
14.3
15.0
103
48.7
15.6
16.1
14.7
14.6
14.5
14.5
15.0
15.3
15.4
17.9
15.8
15.4
16.2
16.5
18.1
16.5
14.2
15.7
13.9
16.9
14.9
15.4
15.4
15.5
16.0
15.9
14.6
15.2
15.4
14.5
14.5
15.3
15.3
15.4
14.4
15.0
14.5
17.4
13.5
15.7
18.4
16.0
15.5
16.2
14.9
14.7
16.8
15.0
15.7
16.2
14.9
15.4
16.3
15.4
17.9
15.0
16.0
15.0
15.2
17.0
15.9
16.5
14.4
14.4
15.1
14.6
14.6
15.7
14.9
13.8
14.0
15.9
15.5
16.4
14.9
15.7
15.2
15.4
16.0
14.9
15.5
16.2
15.2
15.4
15.4
15.3
16.2
16.3
16.6
13.8
14.2
15.2
14.1
15.7
15.4
15.2
15.4
14.1
14.5
14.6
14.8
15.7
16.1
15.8
15.9
15.3
14.4
14.5
14.3
15.4
15.0
15.4
13.5
15.1
15.4
101
47.6
14.3
16.8
16.3
134
16.1
16.5
16.2
15.3
15.4
15.3
16.0
14.9
13.6
16.2
16.5
15.6
15.4
15.3
14.7
14.6
16.6
15.6
17.1
15.0
17.7
15.0
15.6
16.0
15.2
14.8
14.9
15.0
15.5
15.8
15.3
15.1
15.4
16.2
16.3
14.1
14.9
16.1
16.4
15.3
14.6
14.3
15.2
15.4
13.6
16.5
15.5
16.1
15.4
16.1
14.3
14.3
15.9
14.9
15.0
15.2
14.9
16.3
14.9
14.7
14.9
16.1
16.3
14.8
13.8
15.6
15.8
16.4
15.5
16.1
13.4
15.8
14.8
15.9
14.4
14.9
13.8
15.0
15.2
13.5
16.6
15.0
15.7
15.6
16.4
15.7
14.7
16.0
15.6
16.4
16.7
15.0
15.7
17.1
16.0
14.4
15.6
14.5
14.6
15.9
15.8
15.7
16.4
15.1
15.6
16.9
14.8
14.9
14.8
15.1
16.1
15.7
58.4
15.3
15.3
16.1
15.0
119
66.3
16.4
16.4
17.1
14.2
15.2
16.0
16.4
15.6
15.4
13.8
18.7
15.5
16.8
15.6
15.3
17.4
15.5
15.3
15.9
14.8
15.9
15.2
15.4
15.4
15.3
13.6
15.6
16.1
15.5
14.6
16.5
16.4
15.5
15.4
15.3
15.3
13.8
16.4
15.6
16.4
15.3
16.1
17.0
15.0
16.0
17.3
16.2
17.0
15.8
14.8
17.0
16.4
16.4
15.6
15.8
16.2
14.6
14.4
14.6
16.8
16.1
15.5
15.2
14.6
14.1
14.9
16.0
14.7
16.0
14.7
14.9
15.3
15.3
15.9
16.5
15.6
15.3
14.8
14.9
13.6
16.4
15.9
15.3
16.0
14.4
16.5
15.0
15.6
16.6
15.6
16.1
15.6
15.4
15.4
16.0
16.0
15.0
15.7
15.7
16.8
15.5
17.0
19.7
15.4
15.3
15.5
15.9
14.4
15.0
16.3
14.7
15.4
15.5
15.4
17.5
106
49.4
15.5
31.0
14.4
14.5
14.6
15.9
14.7
15.9
14.1
15.3
14.8
17.9
16.8
15.3
15.4
15.2
14.6
14.5
14.4
16.0
15.3
15.3
15.5
15.2
15.3
78.3
16.3
15.4
14.6
14.3
15.1
13.9
14.3
48.9
15.4
15.3
15.8
47.5
15.7
15.4
16.8
15.7
15.3
15.4
15.5
15.3
17.6
15.9
16.4
14.9
15.3
15.4
16.4
17.1
14.9
15.4
15.4
15.3
13.7
15.7
16.0
16.4
16.3
14.4
15.3
14.7
14.8
14.7
14.4
15.1
15.4
15.7
15.4
15.4
15.4
14.3
15.3
14.6
14.5
15.2
14.6
15.9
13.5
15.6
15.4
15.4
16.1
14.1
14.4
15.3
15.4
15.6
15.1
15.3
15.3
16.1
16.4
16.6
16.3
14.0
15.7
15.3
20.6
14.4
15.0
14.5
15.2
15.3
15.3
13.7
13.6
15.5
16.1
17.9
14.2
78.0
38.5
15.2
15.4
16.4
14.5
92.9
42.0
14.0
14.7
15.5
16.0
15.8
16.5
15.8
16.1
14.7
13.8
16.2
16.1
14.2
14.4
16.6
16.9
15.2
14.9
15.8
16.1
14.2
14.4
15.1
15.2
15.4
17.8
15.5
15.3
15.4
16.0
16.4
16.3
14.0
14.3
15.1
15.3
16.1
14.0
15.0
14.5
15.9
14.0
15.2
15.3
14.5
13.7
15.6
17.0
15.0
15.2
16.2
15.4
16.0
16.5
17.1
15.2
15.4
14.5
14.5
15.6
16.2
15.0
15.4
15.3
16.1
14.4
14.3
15.0
15.3
16.0
15.7
15.3
16.7
15.6
14.6
15.1
16.0
15.7
15.3
16.8
14.8
15.2
15.3
16.8
15.8
16.8
15.5
15.5
15.3
14.0
14.3
15.1
16.0
15.6
15.8
15.3
15.3
16.1
13.9
15.0
15.4
15.3
15.3
16.1
15.5
16.0
16.7
16.1
16.3
14.0
14.3
14.3
15.2
16.2
118
79.9
28.1
19.8
14.8
15.0
128
15.4
14.6
15.2
15.3
16.0
14.7
14.9
17.2
34.8
14.4
14.3
14.3
15.7
16.3
15.5
15.8
14.7
18.1
16.0
15.8
15.5
15.6
15.3
15.1
16.8
16.2
15.6
13.7
15.7
15.3
16.0
16.4
16.3
14.0
14.4
15.2
13.5
16.3
16.4
15.6
16.2
15.1
15.3
15.9
15.5
16.9
16.4
16.4
14.1
14.4
16.0
15.5
14.6
14.3
16.2
15.0
15.0
15.4
15.3
16.0
16.4
16.4
14.8
14.3
14.3
14.3
16.4
15.9
15.6
15.3
15.4
15.3
13.8
16.4
15.5
16.3
14.9
15.7
15.3
15.5
16.0
15.5
15.4
16.2
14.3
14.1
20.4
15.7
16.9
15.0
15.3
16.0
14.6
14.4
14.9
15.8
15.3
15.3
15.7
15.0
15.9
14.0
15.8
16.1
14.7
16.7
14.0
14.5
15.9
15.4
17.0
49.2
14.7
15.1
113
58.0
14.7
16.0
14.5
14.3
15.1
14.6
15.0
15.4
15.3
15.5
15.5
15.1
16.1
16.5
16.4
14.4
14.4
14.3
15.4
16.1
16.0
15.6
15.3
16.2
14.5
14.3
14.4
15.0
15.3
15.5
15.3
15.3
15.4
16.0
16.3
16.3
14.2
14.6
15.1
15.3
16.0
16.4
15.5
15.2
15.6
16.5
14.0
15.4
15.2
15.9
15.4
15.8
14.7
15.0
15.6
14.3
15.2
15.4
15.3
16.7
15.6
14.6
15.9
15.2
14.7
17.1
16.2
16.4
16.3
13.9
14.4
14.8
15.7
15.6
16.1
14.8
15.2
15.4
15.4
14.3
15.1
14.6
14.3
15.1
15.3
14.0
15.1
16.0
15.5
15.8
15.3
15.5
15.2
16.0
14.8
16.7
15.6
15.4
15.3
16.0
16.4
16.3
14.2
14.9
14.6
15.1
16.2
16.4
15.6
15.3
15.3
16.2
14.2
14.9
15.5
15.8
14.7
97.8
44.8
13.6
16.0
15.9
15.4
15.3
15.6
13.6
16.8
15.6
16.3
13.7
15.7
16.1
16.6
15.6
15.5
14.1
14.8
13.7
16.4
16.3
15.0
15.3
16.0
15.6
15.4
15.9
15.6
16.1
15.6
15.4
15.3
16.0
16.5
16.9
16.9
14.2
15.9
16.1
15.7
13.8
15.7
14.5
15.7
16.0
15.0
17.9
16.2
16.3
14.1
15.0
15.4
14.5
14.4
15.5
15.4
16.0
15.6
15.4
16.9
15.0
15.4
15.2
15.4
16.8
14.5
16.5
15.6
16.6
16.5
14.5
16.4
15.1
17.0
16.1
15.0
14.2
14.6
16.2
15.8
16.3
15.1
14.0
15.6
14.6
15.3
18.8
15.6
13.7
15.0
17.9
17.0
14.8
16.9
15.1
15.6
16.4
16.1
18.6
16.4
15.7
14.0
16.3
15.0
15.1
15.3
15.9
16.4
16.3
14.4
15.3
15.4
13.8
16.4
17.2
14.1
49.5
14.5
15.3
15.5
15.4
108
56.1
15.5
16.6
14.3
15.1
15.7
16.5
14.7
14.9
15.3
15.5
16.0
15.6
16.1
14.0
14.3
21.0
15.4
16.0
15.2
15.2
14.6
14.3
15.0
15.4
16.0
14.2
15.1
16.9
15.7
14.8
14.3
16.7
16.4
15.6
15.3
15.3
16.2
15.6
16.5
14.4
15.8
15.3
15.4
15.3
16.0
15.6
14.3
15.1
14.6
15.1
16.0
13.8
15.5
15.4
15.4
16.1
14.8
14.4
15.0
16.2
14.8
14.4
14.3
14.4
14.9
16.8
14.0
15.2
15.1
15.4
15.9
16.4
16.3
14.1
16.0
15.4
15.5
16.7
15.6
14.7
15.0
15.5
15.4
16.6
16.3
15.6
15.3
15.4
16.4
13.8
16.4
15.6
15.3
15.3
15.6
16.5
16.5
15.5
15.3
15.4
15.3
16.8
16.3
16.3
15.9
13.7
15.7
23.0
15.2
16.5
14.9
18.2
15.7
14.9
128
89.4
38.3
16.7
16.5
14.9
127
15.3
16.7
16.2
16.6
16.4
13.7
13.7
14.2
15.1
17.1
16.1
15.7
16.5
14.0
15.1
14.6
15.7
16.8
15.9
15.9
15.8
15.7
14.9
16.1
16.3
17.0
14.4
15.2
14.9
15.1
14.7
17.1
17.4
14.3
15.2
17.1
16.9
16.6
13.5
15.6
15.4
15.5
16.1
14.0
14.8
15.1
16.4
14.7
14.3
14.4
14.3
15.0
15.4
15.3
13.8
15.7
15.3
16.0
15.6
16.1
14.0
14.3
15.1
14.5
16.1
15.5
15.4
16.0
15.7
14.4
15.1
15.9
16.4
15.6
18.2
14.4
14.3
14.8
15.7
15.4
16.9
15.8
15.3
15.2
15.4
16.8
15.5
16.5
16.7
20.0
16.6
17.8
15.9
16.6
13.9
19.6
14.8
17.4
15.8
14.8
14.1
15.1
15.3
15.3
14.1
15.0
15.4
15.3
15.4
15.3
15.3
58.6
16.0
16.2
14.8
15.1
128
76.9
23.0
16.4
15.6
20.3
15.9
17.1
20.7
17.2
15.8
16.1
14.8
14.3
14.3
14.3
15.8
17.2
14.8
14.3
14.3
14.3
15.0
15.3
15.5
15.3
15.7
13.8
15.1
16.0
15.6
15.3
15.8
15.4
16.1
17.0
15.0
15.4
15.3
15.3
15.4
16.1
16.2
16.4
15.6
16.1
14.0
14.6
14.4
14.3
15.8
16.1
15.6
15.4
15.4
15.2
14.5
15.9
16.6
15.1
15.3
15.6
16.5
15.7
14.5
17.5
14.9
16.0
15.9
14.0
16.1
16.8
15.3
15.6
15.0
15.3
16.0
16.4
16.4
14.7
14.3
15.9
14.8
15.1
16.1
15.4
16.1
14.1
18.9
14.8
14.6
15.9
16.9
15.1
16.1
15.7
13.7
15.5
15.6
15.1
15.4
16.1
15.6
16.2
17.4
17.9
15.1
15.4
15.4
16.8
16.9
14.2
16.3
15.7
16.2
16.3
15.9
110
56.7
15.6
13.8
15.7
15.4
104
17.2
15.1
14.6
15.1
14.6
15.1
16.1
16.3
15.6
15.4
15.8
15.1
16.8
16.5
15.6
15.4
15.3
15.3
15.4
14.6
15.2
14.5
18.8
14.5
14.3
15.8
15.4
14.6
15.0
15.7
16.0
16.5
13.9
14.9
16.2
15.6
25.4
21.4
15.6
16.1
16.4
16.4
14.0
15.1
15.3
15.3
16.0
16.5
15.0
16.9
15.0
15.5
15.2
15.3
16.9
15.0
14.6
14.4
14.3
15.7
15.7
16.0
15.5
15.6
15.4
16.3
13.8
16.3
15.8
15.1
15.3
13.8
15.6
16.7
15.7
16.4
15.3
16.5
17.5
14.4
15.0
16.1
16.6
13.7
15.7
15.4
15.9
16.4
16.4
14.6
13.7
15.7
16.7
15.7
16.3
15.2
13.7
13.9
14.4
16.2
16.4
15.9
15.3
14.6
15.6
16.1
15.7
17.2
16.5
15.6
16.5
77.8
35.1
15.4
15.6
127
88.0
36.3
15.9
15.6
21.7
15.7
16.1
15.6
16.0
15.9
16.6
15.2
16.2
14.0
14.4
15.1
16.5
13.8
16.4
15.5
15.4
14.4
14.9
14.7
15.0
15.4
15.4
15.3
15.3
15.3
15.4
16.8
15.6
15.3
15.3
15.4
15.3
16.1
14.8
16.1
14.2
13.9
14.9
15.3
16.1
15.6
15.3
15.3
15.7
14.3
15.7
14.6
16.0
16.0
13.9
14.3
20.4
42.4
15.4
15.4
16.0
15.6
16.0
14.8
14.3
14.4
14.3
15.7
15.4
15.3
15.4
15.6
15.2
15.9
14.7
15.9
14.8
15.3
14.6
15.0
15.9
16.5
15.5
15.7
16.1
14.0
14.3
15.1
16.0
16.3
16.3
14.0
14.7
15.1
15.3
14.5
14.2
16.8
15.5
16.1
14.0
14.3
15.0
15.3
15.7
14.8
13.6
16.6
16.1
15.1
15.3
14.6
14.4
15.9
14.9
63.0
14.2
15.7
14.5
116
64.3
14.5
15.8
15.5
15.9
14.9
15.6
15.8
16.2
15.6
16.2
15.6
15.3
15.3
15.3
16.1
14.1
15.0
15.4
15.3
15.4
17.6
15.1
16.0
16.4
16.7
15.9
14.4
14.9
15.6
14.5
15.8
14.6
14.5
14.8
13.7
16.7
15.4
15.9
14.7
14.4
14.8
14.6
15.1
16.3
15.4
15.3
13.7
14.8
14.9
15.0
14.0
14.5
14.7
16.3
15.1
14.0
16.0
15.8
16.4
16.6
16.0
15.3
16.1
15.7
14.1
15.3
15.6
15.6
14.8
16.9
16.9
15.8
17.2
15.5
15.5
14.4
15.2
15.4
15.8
17.4
15.6
15.4
16.2
15.5
16.1
17.8
16.8
15.3
14.8
15.1
15.0
16.0
16.5
16.8
16.4
16.4
16.8
16.9
17.4
14.4
16.6
15.6
16.8
17.2
13.6
14.5
17.0
14.7
14.3
15.1
15.3
16.7
14.8
60.0
15.5
15.3
16.6
116
64.9
16.2
14.0
14.3
15.2
16.0
16.3
15.6
15.3
15.4
14.4
14.3
14.3
15.0
15.4
15.3
15.8
16.6
15.1
15.9
16.4
15.6
16.4
14.8
13.6
16.2
17.2
15.0
16.1
15.4
15.3
15.3
16.6
16.7
15.6
15.8
15.3
15.3
15.5
15.2
14.6
15.9
16.1
15.6
15.3
15.3
16.0
15.5
17.7
16.2
16.2
15.6
14.1
14.6
16.0
14.8
14.3
15.1
14.6
14.9
15.5
15.4
15.3
15.4
15.2
15.9
16.4
15.0
14.7
15.9
15.5
13.9
14.3
14.4
15.8
16.1
14.9
14.0
15.1
16.0
19.4
16.2
15.7
16.1
14.7
14.4
14.3
14.3
15.8
16.1
14.8
14.3
17.0
15.1
16.0
16.3
16.4
14.0
14.3
14.3
15.1
16.0
16.4
15.6
15.3
15.3
15.5
13.8
15.6
15.3
16.1
16.5
15.5
16.6
16.6
15.6
104
51.6
16.0
15.0
15.1
16.0
101
17.5
14.3
14.4
15.1
14.9
17.5
15.0
16.3
13.9
15.0
15.3
15.3
16.2
16.4
16.0
13.9
14.4
14.4
14.3
14.3
16.1
16.3
16.4
14.5
13.6
15.6
16.2
14.8
15.9
15.3
13.9
14.9
15.3
16.0
15.5
16.1
17.0
14.4
18.9
13.8
14.9
15.7
15.1
15.4
14.6
14.8
14.3
15.0
16.0
15.6
15.3
16.2
17.0
17.3
15.8
14.6
16.8
14.6
15.1
14.6
14.3
15.0
18.0
16.0
14.0
15.1
16.1
16.2
14.4
15.8
16.4
15.4
16.1
14.4
14.1
14.9
20.2
15.6
15.3
15.4
15.3
16.1
16.4
16.3
17.8
19.7
55.5
37.8
17.1
15.8
16.5
13.9
14.2
14.3
14.3
15.7
14.6
16.5
14.5
14.3
15.8
15.4
16.1
14.9
15.4
15.3
16.7
15.7
15.3
15.4
15.4
69.2
27.0
14.4
16.3
119
84.3
27.1
18.1
14.3
14.8
16.0
17.1
15.2
14.9
14.5
15.9
14.7
15.0
15.4
14.6
16.7
14.7
14.3
15.7
15.5
14.7
14.5
16.5
14.8
15.1
15.4
14.5
14.3
14.3
15.1
16.2
16.1
15.6
15.4
15.3
16.2
14.1
14.2
15.0
14.5
16.1
13.9
16.2
15.6
15.3
16.7
15.6
15.3
14.7
15.9
14.8
15.3
16.0
16.4
16.9
14.5
14.4
14.6
14.3
14.9
13.5
15.6
15.3
16.1
15.6
13.8
16.3
14.6
16.2
14.8
14.3
14.6
14.3
15.0
15.3
14.5
15.2
15.3
15.4
16.0
15.6
15.7
15.9
14.0
14.4
14.6
16.4
15.6
15.3
14.8
15.1
14.6
14.3
15.0
17.7
14.3
15.8
15.4
15.4
13.6
16.4
15.6
15.3
14.6
14.9
15.4
14.6
15.8
15.2
15.6
15.3
15.1
15.3
14.4
16.8
16.4
15.1
74.7
18.7
19.7
17.2
15.0
117
64.0
15.8
13.8
16.4
15.5
15.3
14.6
15.2
15.6
15.2
16.0
16.1
15.9
16.3
16.3
14.8
14.9
16.2
15.6
16.0
16.4
16.2
15.6
13.8
14.2
17.3
15.0
15.7
14.6
14.3
15.0
14.7
16.2
14.8
15.9
15.3
13.7
15.7
16.5
15.8
17.1
17.4
15.2
74.5
15.1
15.4
16.2
14.4
14.9
15.5
16.1
15.7
15.4
16.9
17.1
15.1
16.4
15.7
15.5
14.9
16.2
17.0
15.0
15.4
14.9
16.1
14.0
14.4
15.1
15.9
16.3
15.3
14.9
15.4
15.6
15.4
15.3
16.1
15.7
16.3
13.9
14.2
15.1
14.9
16.7
16.3
15.6
15.3
15.3
15.4
16.8
15.6
15.3
15.4
15.4
15.9
15.5
16.2
14.8
15.1
16.0
17.1
16.5
15.0
15.4
15.0
15.7
15.4
15.7
15.7
15.6
14.4
42.0
17.8
15.0
16.0
103
50.3
16.5
14.0
14.4
14.4
14.4
15.8
16.1
14.8
16.9
29.3
16.3
15.6
15.7
15.1
15.3
79.1
15.9
14.7
15.8
14.5
14.3
18.2
15.1
16.1
14.7
15.0
15.4
14.6
15.0
15.4
14.0
14.3
15.7
15.7
14.3
16.7
14.0
15.1
16.3
16.4
15.6
16.1
14.1
15.1
15.3
15.3
17.6
15.0
16.7
14.8
15.9
15.0
15.3
16.9
15.6
15.3
15.3
15.6
15.9
24.0
15.9
15.8
17.2
15.9
14.0
14.4
14.6
15.4
15.5
17.0
15.0
16.2
16.1
14.0
14.4
15.5
15.4
14.6
14.3
15.1
13.8
16.3
15.6
16.1
16.5
14.2
14.3
14.6
15.6
16.2
15.4
15.4
15.3
14.7
14.5
16.5
15.5
14.5
15.1
15.5
15.8
15.3
15.4
14.6
14.9
14.8
15.1
15.9
16.4
16.3
15.6
15.5
16.1
14.8
79.8
34.1
16.6
14.4
124
86.9
36.8
15.2
16.1
16.2
15.3
20.7
14.4
14.4
22.6
14.7
45.0
16.4
15.6
19.2
17.8
16.1
14.0
14.4
15.9
15.2
15.3
13.9
14.5
15.1
15.4
14.0
15.8
16.1
15.7
15.4
15.3
20.0
16.0
15.3
14.8
15.1
16.6
16.2
15.1
14.0
13.8
14.9
15.8
16.3
15.8
14.7
16.1
14.8
16.1
15.0
14.0
16.1
15.4
15.3
16.3
15.0
14.7
15.3
14.0
16.8
15.8
15.6
15.6
16.1
14.0
14.3
15.1
16.8
16.3
15.8
15.3
15.4
15.4
14.8
14.5
15.1
14.6
15.1
14.6
15.1
15.4
17.7
15.0
15.4
16.1
16.3
14.0
14.3
15.8
17.2
15.7
14.6
15.1
15.4
15.3
16.0
16.4
15.7
16.2
14.6
14.8
14.4
14.9
14.4
15.1
14.7
14.6
14.2
15.2
15.3
16.1
15.6
15.3
16.2
53.0
25.0
111
56.6
15.7
15.3
15.4
15.4
16.1
16.4
14.8
16.2
14.7
15.8
15.2
13.8
16.3
16.4
15.6
16.5
15.1
16.2
19.6
13.9
15.6
15.4
14.6
15.1
13.5
14.2
15.1
16.7
14.8
16.0
16.3
15.6
13.8
16.3
15.7
15.2
15.3
15.3
15.4
13.8
15.7
15.4
15.4
15.4
16.1
14.0
15.1
15.5
14.5
15.3
16.5
15.6
16.0
16.5
16.4
16.3
14.1
14.4
14.4
15.7
16.0
15.6
15.4
15.6
15.7
15.4
16.0
15.3
16.7
13.8
15.7
14.4
15.2
14.2
14.7
17.1
14.8
15.2
15.3
14.8
15.3
15.5
15.4
13.6
15.1
15.7
15.4
14.8
15.2
14.6
16.7
14.8
13.5
16.6
17.0
14.3
14.3
14.3
14.4
15.7
15.4
14.6
14.9
15.4
16.1
14.7
15.3
16.0
16.4
16.4
14.1
15.2
15.2
13.9
14.4
15.0
15.4
97.4
43.1
19.5
16.1
14.7
127
88.7
15.5
15.1
15.1
14.8
15.0
15.7
15.4
15.5
15.5
15.1
16.9
15.5
17.8
15.2
17.7
15.4
13.8
17.3
14.5
15.1
17.0
15.1
15.3
15.5
16.1
17.0
14.9
16.3
16.4
15.5
27.3
15.5
17.6
15.8
14.6
14.4
16.7
14.8
16.5
16.3
14.1
15.2
15.3
15.4
16.4
16.4
16.4
16.3
14.0
14.3
14.4
15.7
15.4
16.1
14.8
15.2
15.4
16.7
16.2
15.5
15.4
15.7
14.9
15.3
16.1
16.3
16.3
14.0
14.3
15.1
15.3
16.0
15.5
15.4
15.4
16.1
21.0
15.0
16.0
16.4
16.3
14.1
15.1
15.3
15.3
15.9
16.4
15.6
15.3
15.3
16.8
16.3
16.6
15.3
15.4
16.0
14.8
15.1
15.1
16.0
16.4
16.7
14.4
13.6
16.4
16.3
16.4
16.3
14.3
14.8
13.6
17.7
15.4
16.3
17.2
118
80.7
27.7
15.4
15.4
15.3
15.3
15.3
16.9
14.9
17.2
13.6
15.6
17.0
16.0
15.9
13.5
15.7
15.3
16.0
14.4
17.3
15.8
15.3
15.4
16.2
17.1
15.0
15.5
15.4
15.4
15.3
15.5
16.8
15.9
15.6
16.6
15.9
15.5
16.0
17.8
15.2
15.4
16.1
14.2
14.2
14.6
15.6
14.6
14.3
14.3
14.4
14.9
16.0
16.3
16.5
14.0
14.2
15.5
15.3
16.0
15.6
16.3
15.1
16.2
14.6
16.7
14.5
16.0
21.8
189
35.8
14.4
15.0
17.2
16.3
15.9
38.8
16.2
16.9
43.3
15.6
184
49.6
31.8
15.9
14.3
22.1
37.8
15.2
15.8
21.5
19.9
38.2
290
159
67.2
17.4
40.6
23.3
18.0
23.2
15.9
15.4
16.8
14.9
13.9
414
16.7
16.7
16.2
451
15.8
15.8
15.3
16.8
16.6
57.8
15.1
209
36.5
124
523
49.8
307
72.1
16.3
14.6
18.8
17.1
15.6
26.0
18.5
15.4
15.1
15.3
15.4
33.8
14.8
15.9
15.5
15.4
16.1
15.6
16.9
16.4
15.6
15.4
14.6
13.7
14.3
14.4
16.6
17.1
15.0
15.4
20.0
15.9
15.0
15.0
15.4
15.5
25.1
15.4
15.3
17.3
22.9
16.3
15.7
14.6
15.2
13.9
16.3
13.9
15.8
16.1
15.1
15.3
20.7
15.1
14.9
15.2
17.0
15.4
15.8
18.5
13.7
16.4
17.1
16.5
14.8
34.8
14.6
14.9
17.1
14.3
15.8
33.6
13.5
15.7
40.2
14.7
14.9
15.3
14.6
23.0
15.5
15.9
16.5
15.6
17.9
14.3
14.5
14.2
14.5
15.8
16.2
14.9
14.2
14.0
15.1
15.3
43.8
14.9
16.7
42.7
13.6
16.4
15.7
16.1
14.6
15.2
16.2
15.2
15.3
17.2
16.3
136
136
47.4
15.0
15.4
16.8
16.3
97.4
15.4
15.5
15.2
16.8
16.6
15.5
15.4
15.3
15.4
13.8
16.3
15.6
15.3
15.4
15.6
15.3
13.9
14.8
15.9
14.1
15.1
15.4
15.6
17.4
16.1
16.1
14.8
16.0
14.0
14.3
15.0
15.4
15.4
15.3
15.3
15.4
16.2
16.5
16.3
14.0
15.1
14.6
15.1
16.1
16.5
15.5
16.4
17.4
15.7
14.0
14.8
15.0
15.3
15.3
15.4
16.5
16.3
17.1
16.3
16.7
13.9
14.9
14.7
14.4
15.1
14.7
14.3
14.9
15.4
15.4
13.8
15.6
15.4
15.3
17.9
15.7
13.5
15.6
16.2
15.6
14.5
15.4
16.7
22.6
15.5
14.6
15.4
15.5
15.6
16.1
16.4
14.8
16.0
13.8
16.0
14.7
14.5
15.8
14.5
14.3
14.4
14.5
15.7
15.6
15.4
15.3
15.3
15.6
15.4
16.0
15.3
71.5
30.0
17.8
16.0
122
84.9
33.7
15.5
15.5
15.3
15.3
23.9
14.4
14.4
28.2
14.0
15.0
15.5
14.7
15.2
16.1
15.0
15.2
16.3
15.5
15.3
15.3
15.3
18.3
15.1
15.6
15.6
16.2
17.3
15.9
15.9
15.0
14.8
15.5
13.9
15.7
15.0
13.9
16.3
15.0
14.1
14.3
16.8
15.2
14.3
16.0
15.0
14.0
15.3
14.8
15.9
16.4
14.9
16.4
15.8
15.6
16.4
15.8
14.9
15.8
15.4
14.8
16.9
15.8
15.9
16.4
15.6
18.4
14.7
15.1
20.7
15.6
16.3
17.0
15.1
15.5
15.3
15.3
16.0
16.4
16.4
41.4
14.5
15.1
29.2
16.2
15.6
16.2
15.6
16.1
19.6
14.0
15.0
16.4
15.4
15.4
15.3
15.3
16.0
16.6
15.6
14.6
16.1
15.0
16.1
17.5
20.1
14.8
15.9
15.9
15.2
13.7
15.7
16.0
16.3
55.1
16.2
15.1
19.1
111
58.4
14.3
16.0
20.7
14.5
14.3
14.4
27.4
15.0
14.6
15.1
15.3
15.4
15.9
17.2
15.0
14.5
17.5
18.3
15.2
16.8
15.0
16.2
14.8
15.1
15.4
15.3
15.3
16.8
16.5
15.5
13.8
15.7
15.5
16.1
16.3
16.5
16.6
14.1
15.3
16.2
14.0
15.0
15.4
14.6
15.2
15.3
15.2
16.0
18.0
15.2
17.6
14.5
15.2
17.5
14.4
15.1
15.9
17.2
15.0
14.5
15.1
16.8
15.6
14.6
14.6
15.0
15.3
15.7
16.0
14.9
15.4
15.4
15.3
15.3
16.0
16.5
16.1
16.3
14.0
15.1
16.0
14.8
16.7
16.2
15.8
15.1
16.1
16.3
14.0
14.4
16.8
15.3
15.3
15.8
15.9
14.4
14.6
16.3
16.3
14.0
14.9
16.3
14.8
19.7
15.5
15.4
15.3
16.5
16.4
17.0
15.0
15.4
15.5
15.1
15.4
95.4
43.5
17.9
15.8
14.9
129
92.0
14.9
15.7
15.1
17.0
15.8
16.7
15.5
14.7
15.8
16.4
16.1
17.1
15.0
14.6
14.3
15.1
16.1
17.2
15.7
15.3
15.3
14.7
15.0
14.3
14.9
15.6
16.7
15.1
15.4
15.3
16.7
17.1
14.3
15.4
15.7
15.6
15.9
15.7
16.0
16.3
15.6
13.8
15.7
15.3
16.0
15.6
16.1
16.3
14.2
14.3
15.0
16.9
16.4
16.3
14.0
15.3
15.3
15.4
13.9
14.3
15.8
15.3
16.2
15.6
15.3
15.4
14.6
14.9
14.6
15.2
15.6
15.3
15.1
16.0
15.6
15.4
15.3
16.2
14.5
15.1
16.0
15.5
15.5
15.3
15.4
15.3
16.0
16.4
17.0
15.7
14.9
15.1
15.4
15.9
16.4
15.5
15.4
16.1
14.1
14.3
15.1
15.3
15.3
15.4
15.5
16.0
15.9
15.5
16.0
16.3
15.6
69.1
16.1
16.5
17.3
122
82.8
34.9
15.2
14.8
14.8
35.5
14.8
15.6
14.5
14.7
14.3
15.0
15.4
15.1
16.0
14.1
14.3
15.0
15.4
14.5
16.1
15.8
14.9
15.3
14.7
14.8
15.3
16.3
14.1
16.4
15.1
15.3
16.6
15.6
16.1
14.0
15.0
14.8
16.1
15.2
15.5
15.3
15.3
17.8
17.1
16.7
19.4
16.5
16.9
18.1
22.1
15.6
15.2
18.9
15.0
16.7
16.3
14.4
14.8
17.2
14.4
16.7
16.6
14.0
14.3
14.7
14.7
16.8
16.2
14.6
14.3
15.7
14.6
15.9
15.8
16.6
15.7
18.6
15.8
15.0
15.4
15.4
15.3
15.8
16.1
16.4
16.4
15.5
14.6
17.1
15.0
13.8
15.5
16.3
15.4
14.5
15.9
15.0
15.8
17.2
14.7
19.0
15.5
15.5
21.3
17.9
16.3
16.4
14.5
14.5
17.2
15.8
19.2
16.3
14.8
14.5
18.7
59.9
16.6
15.5
15.9
14.8
108
55.8
19.5
15.6
16.3
17.3
15.5
14.7
14.4
15.1
14.6
14.5
15.2
15.9
14.3
14.5
14.9
15.3
16.1
14.9
16.0
14.8
14.4
15.8
33.8
14.2
15.1
15.4
15.3
16.0
16.4
15.6
14.0
15.6
16.1
14.0
15.8
15.4
16.1
14.8
15.2
14.8
15.1
16.0
16.9
16.5
14.1
15.1
16.0
14.1
14.3
15.7
15.4
15.3
15.4
15.3
15.3
16.0
14.9
15.4
14.7
14.1
14.4
15.4
15.6
17.0
15.0
16.1
16.9
15.7
14.0
15.2
16.0
15.9
17.1
15.1
15.6
14.9
15.5
17.1
14.5
15.8
15.3
15.5
15.6
17.4
14.2
16.7
14.0
15.1
15.3
15.4
16.0
16.4
15.6
13.8
16.4
16.4
16.3
16.8
15.2
16.1
14.3
14.1
14.3
14.4
15.0
15.4
15.3
15.4
14.7
15.9
15.0
33.8
15.8
15.3
14.7
94.2
41.3
15.8
14.7
14.5
14.7
15.1
13.6
13.9
17.2
15.7
14.9
15.4
15.3
15.4
14.5
15.8
15.3
16.1
15.6
15.4
16.0
16.4
17.2
14.2
15.9
15.5
16.1
17.0
17.5
14.9
16.3
15.2
14.9
15.6
15.3
14.4
15.0
14.7
14.2
14.6
14.9
15.3
16.0
14.4
15.9
14.8
15.9
14.8
14.3
15.0
15.4
15.3
15.3
15.4
17.4
15.9
15.8
14.2
14.4
15.1
15.4
15.9
15.5
15.4
15.4
15.5
15.3
15.3
16.7
15.6
15.3
15.4
15.6
15.4
16.5
17.6
14.5
15.8
15.6
15.0
15.4
13.8
16.3
15.8
15.2
14.6
18.1
14.6
15.0
14.5
14.4
14.9
13.8
15.7
16.0
15.6
15.3
15.3
17.3
13.9
14.4
15.1
15.2
15.9
15.9
14.0
14.3
15.1
16.7
16.4
14.8
14.6
15.3
15.9
15.5
18.2
25.7
15.9
14.8
128
76.7
22.7
14.7
15.0
16.9
15.8
14.6
14.4
15.0
16.8
15.6
15.3
15.3
15.3
16.1
15.0
15.9
16.5
16.3
14.2
14.3
14.6
15.3
15.4
15.9
16.1
16.8
15.7
14.0
15.3
14.8
16.0
15.8
15.6
16.4
15.3
16.6
16.4
15.8
14.1
16.0
15.4
14.3
15.3
14.8
15.4
15.6
14.1
15.4
14.7
15.8
18.6
14.8
14.4
15.1
15.3
16.6
16.3
16.0
16.3
14.8
14.4
14.3
14.4
16.1
15.5
15.3
13.5
16.0
14.5
15.0
16.0
15.6
15.3
15.3
16.1
14.0
14.3
15.1
15.2
15.3
15.3
18.0
15.8
16.5
15.8
15.3
15.9
13.7
13.7
17.1
17.2
16.5
15.3
15.3
15.3
14.3
14.3
15.0
15.2
14.6
14.4
15.6
15.6
15.5
15.8
15.7
17.6
16.5
15.6
15.6
16.8
16.2
14.6
15.3
14.3
32.0
14.7
15.3
16.0
125
88.0
34.5
15.1
15.4
16.1
14.5
14.4
16.0
14.6
15.2
15.3
15.6
15.7
15.4
15.4
15.3
28.7
16.6
15.3
14.0
14.8
17.0
15.2
15.3
15.4
15.3
